,file_name,column_name,task_id,start_time,end_time,hostname,host_ip,pid,error
0,PVO/PVOutput/3152.csv,Power(W),4a64b2c1-674d-4942-8db8-afc11724374e,1660189770.0290473,1660189774.1282468,worker-7cc765ff99-4kxp9,192.168.90.164,14,Run run_pipeline fail:index 0 is out of bounds for axis 0 with size 0
0,PVO/PVOutput/29601.csv,Power(W),3b546b8a-fa67-4aea-8a90-da2affcb40f9,1660189774.2590375,1660189784.5149388,worker-7cc765ff99-rzscd,192.168.55.101,14,Run run_pipeline fail:index 0 is out of bounds for axis 0 with size 0
0,PVO/PVOutput/3920.csv,Power(W),c4961110-a0b4-49a9-805c-aa145baa8330,1660189889.5057561,1660189899.6480277,worker-7cc765ff99-rzscd,192.168.55.101,15,Run run_pipeline fail:index 0 is out of bounds for axis 0 with size 0
0,PVO/PVOutput/27617.csv,Power(W),0b67feca-224d-449c-98a9-40e8ac2c635f,1660189912.379109,1660189920.2595456,worker-7cc765ff99-ks6s5,192.168.51.42,15,Run run_pipeline fail:index 0 is out of bounds for axis 0 with size 0
0,PVO/PVOutput/15080.csv,Power(W),aa3106a6-0a7e-449f-b2d6-aab0f16d23e9,1660189920.354281,1660189930.7543643,worker-7cc765ff99-ks6s5,192.168.51.42,15,Run run_pipeline fail:index 0 is out of bounds for axis 0 with size 0
0,PVO/PVOutput/21167.csv,Power(W),91c3464b-3893-49fa-a179-45582f80b26d,1660189974.5503905,1660189982.3869658,worker-7cc765ff99-q2vb7,192.168.4.101,14,Run run_pipeline fail:index 0 is out of bounds for axis 0 with size 0
0,PVO/PVOutput/34456.csv,Power(W),5e5be84f-07c5-4173-ba54-948585185dc5,1660189993.1725886,1660190002.3711314,worker-7cc765ff99-lxkkg,192.168.2.45,14,Run run_pipeline fail:index 0 is out of bounds for axis 0 with size 0
0,PVO/PVOutput/19623.csv,Power(W),a1dfdf29-608a-40a0-9445-4fb34d5c7a52,1660190042.358942,1660190049.8327987,worker-7cc765ff99-rzscd,192.168.55.101,15,Run run_pipeline fail:index 0 is out of bounds for axis 0 with size 0
0,PVO/PVOutput/8781.csv,Power(W),de16bd23-df18-4f9d-9039-74e3d25fa246,1660190061.9014144,1660190068.471111,worker-7cc765ff99-lxkkg,192.168.2.45,15,Run run_pipeline fail:index 0 is out of bounds for axis 0 with size 0
0,PVO/PVOutput/31255.csv,Power(W),4c3f364d-3f41-4b38-a230-93454aee4f56,1660190174.186386,1660190180.7592514,worker-7cc765ff99-ks6s5,192.168.51.42,14,Run run_pipeline fail:index 0 is out of bounds for axis 0 with size 0
0,PVO/PVOutput/22194.csv,Power(W),8f99897c-06ce-4ba1-89b9-01de04e1a456,1660190179.1019611,1660190188.6317322,worker-7cc765ff99-rzscd,192.168.55.101,15,Run run_pipeline fail:index 0 is out of bounds for axis 0 with size 0
0,PVO/PVOutput/13092.csv,Power(W),922f38c9-c913-4599-a24c-a1ba2d149cff,1660190198.6945493,1660190201.260068,worker-7cc765ff99-4kxp9,192.168.90.164,14,Run run_pipeline fail:index 0 is out of bounds for axis 0 with size 0
0,PVO/PVOutput/24036.csv,Power(W),1fb4068a-41eb-46bc-a68e-6e877f47a9d0,1660190207.7190702,1660190215.3210196,worker-7cc765ff99-lxkkg,192.168.2.45,15,Run run_pipeline fail:index 0 is out of bounds for axis 0 with size 0
0,PVO/PVOutput/26632.csv,Power(W),c07c47d0-64b4-4c8d-994d-170e29515e15,1660190217.8393052,1660190226.1020963,worker-7cc765ff99-lxkkg,192.168.2.45,14,Run run_pipeline fail:index 0 is out of bounds for axis 0 with size 0
0,PVO/PVOutput/23873.csv,Power(W),c72e05b6-0bd0-40f4-a406-520c1007be37,1660190224.205596,1660190231.2056215,worker-7cc765ff99-rzscd,192.168.55.101,15,Run run_pipeline fail:index 0 is out of bounds for axis 0 with size 0
0,PVO/PVOutput/11106.csv,Power(W),53483c66-b2d1-45ea-8a35-4f4eb0c12314,1660190237.330071,1660190240.2254753,worker-7cc765ff99-4kxp9,192.168.90.164,14,Run run_pipeline fail:index 0 is out of bounds for axis 0 with size 0
0,PVO/PVOutput/37473.csv,Power(W),b5538982-c5ab-4a5d-b4fb-b96be5c1627b,1660190278.5452123,1660190287.1772935,worker-7cc765ff99-ks6s5,192.168.51.42,15,Run run_pipeline fail:index 0 is out of bounds for axis 0 with size 0
0,PVO/PVOutput/15485.csv,Power(W),6bdc5919-b11f-465f-b5ed-3ebfee53a7bd,1660190298.44968,1660190306.5990922,worker-7cc765ff99-rzscd,192.168.55.101,15,Run run_pipeline fail:index 0 is out of bounds for axis 0 with size 0
0,PVO/PVOutput/27130.csv,Power(W),64fbe924-5dbb-4881-86a7-35e98a4e58e7,1660190401.4757318,1660190403.96679,worker-7cc765ff99-mqjzg,192.168.83.0,15,Run run_pipeline fail:index 0 is out of bounds for axis 0 with size 0
0,PVO/PVOutput/33299.csv,Power(W),92401c16-54a6-49cc-b10d-c682dacabafc,1660190403.3993955,1660190409.8483303,worker-7cc765ff99-ks6s5,192.168.51.42,15,Run run_pipeline fail:index 0 is out of bounds for axis 0 with size 0
0,PVO/PVOutput/6390.csv,Power(W),dad7eb83-25d8-4c9b-afba-4b1d4103f264,1660190419.7463076,1660190422.153061,worker-7cc765ff99-mqjzg,192.168.83.0,14,Run run_pipeline fail:index 0 is out of bounds for axis 0 with size 0
0,PVO/PVOutput/25976.csv,Power(W),601535ec-576e-442b-9507-d49e7a72866e,1660190415.841111,1660190423.944559,worker-7cc765ff99-rzscd,192.168.55.101,14,Run run_pipeline fail:index 0 is out of bounds for axis 0 with size 0
0,PVO/PVOutput/31440.csv,Power(W),355d61a9-2fd1-4cab-b868-d280e275a89b,1660190442.2531343,1660190449.1616325,worker-7cc765ff99-q2vb7,192.168.4.101,14,Run run_pipeline fail:index 0 is out of bounds for axis 0 with size 0
0,PVO/PVOutput/31655.csv,Power(W),488ae495-ebd3-4c6f-90b0-7dcf1c9dcf5a,1660190456.723638,1660190459.2956681,worker-7cc765ff99-4kxp9,192.168.90.164,14,Run run_pipeline fail:index 0 is out of bounds for axis 0 with size 0
0,PVO/PVOutput/34525.csv,Power(W),2b07548b-4797-4fe5-b7f6-4f1c43e3a954,1660190459.4073427,1660190461.7003422,worker-7cc765ff99-4kxp9,192.168.90.164,14,Run run_pipeline fail:index 0 is out of bounds for axis 0 with size 0
0,PVO/PVOutput/35776.csv,Power(W),1f445eb7-b60e-4ad4-97c0-1e05c06b5d13,1660190461.814409,1660190463.995714,worker-7cc765ff99-4kxp9,192.168.90.164,14,Run run_pipeline fail:index 0 is out of bounds for axis 0 with size 0
0,PVO/PVOutput/42658.csv,Power(W),a6e5a9cb-a4fb-4cf1-a679-c9cee1e31d9d,1660190464.1188478,1660190466.408147,worker-7cc765ff99-4kxp9,192.168.90.164,14,Run run_pipeline fail:index 0 is out of bounds for axis 0 with size 0
0,PVO/PVOutput/20423.csv,Power(W),e27d5e5d-9b9a-45bb-b3cc-e07458a6f70c,1660190478.1262977,1660190480.4308207,worker-7cc765ff99-mqjzg,192.168.83.0,14,Run run_pipeline fail:index 0 is out of bounds for axis 0 with size 0
0,PVO/PVOutput/35750.csv,Power(W),15b1d3da-a634-4765-bbf5-cd610fa22b90,1660190507.3713367,1660190514.1860535,worker-7cc765ff99-lxkkg,192.168.2.45,14,Run run_pipeline fail:index 0 is out of bounds for axis 0 with size 0
0,PVO/PVOutput/33962.csv,Power(W),509b8401-1215-4f41-8289-22a41c9c437d,1660190508.0877619,1660190515.0438206,worker-7cc765ff99-qthgp,192.168.45.95,14,Run run_pipeline fail:index 0 is out of bounds for axis 0 with size 0
0,PVO/PVOutput/31240.csv,Power(W),f06055d7-97cd-459e-9aeb-1d79d2043d92,1660190551.3131897,1660190557.155456,worker-7cc765ff99-lxkkg,192.168.2.45,15,Run run_pipeline fail:index 0 is out of bounds for axis 0 with size 0
0,PVO/PVOutput/15001.csv,Power(W),37c0e992-52cd-4466-acb0-29d07cff79c1,1660190554.3041718,1660190560.4363997,worker-7cc765ff99-rzscd,192.168.55.101,14,Run run_pipeline fail:index 0 is out of bounds for axis 0 with size 0
0,PVO/PVOutput/24805.csv,Power(W),7f75692a-05fd-478c-a454-e27579ac4f3d,1660190562.43339,1660190564.6088607,worker-7cc765ff99-4kxp9,192.168.90.164,14,Run run_pipeline fail:index 0 is out of bounds for axis 0 with size 0
0,PVO/PVOutput/25448.csv,Power(W),810f9a09-352e-488b-b470-ed76b932f95e,1660190566.8474786,1660190578.150105,worker-7cc765ff99-q2vb7,192.168.4.101,14,Run run_pipeline fail:index 0 is out of bounds for axis 0 with size 0
0,PVO/PVOutput/17024.csv,Power(W),34188b1c-4b58-41ce-a696-b49a373cb059,1660190604.3355196,1660190606.728263,worker-7cc765ff99-4kxp9,192.168.90.164,15,Run run_pipeline fail:index 0 is out of bounds for axis 0 with size 0
0,PVO/PVOutput/20434.csv,Power(W),6dc5b35a-5234-4cda-96a3-845c8e27b169,1660190643.8110883,1660190652.1430688,worker-7cc765ff99-ks6s5,192.168.51.42,15,Run run_pipeline fail:index 0 is out of bounds for axis 0 with size 0
0,PVO/PVOutput/18613.csv,Power(W),214216c5-6dcb-4cac-b175-c5f69373468d,1660190648.2927587,1660190655.6733897,worker-7cc765ff99-m5lzv,192.168.3.4,15,Run run_pipeline fail:index 0 is out of bounds for axis 0 with size 0
0,PVO/PVOutput/35817.csv,Power(W),cca1131d-f87d-4ab5-91ce-669b659e33ce,1660190656.2217824,1660190661.5854084,worker-7cc765ff99-lxkkg,192.168.2.45,14,Run run_pipeline fail:index 0 is out of bounds for axis 0 with size 0
0,PVO/PVOutput/43976.csv,Power(W),0a8de5cc-2576-4019-b78d-26e1b7722a90,1660190719.4242322,1660190721.5407562,worker-7cc765ff99-4kxp9,192.168.90.164,15,Run run_pipeline fail:index 0 is out of bounds for axis 0 with size 0
0,PVO/PVOutput/19622.csv,Power(W),cf4ee066-633b-499b-b2b2-580a2dd82a24,1660190709.2178872,1660190734.4305818,worker-7cc765ff99-4kxp9,192.168.90.164,14,"Run run_pipeline fail:Invalid dimensions (0,)."
0,PVO/PVOutput/27736.csv,Power(W),6d1bd7ed-9e4d-4b29-9645-4b4dc31b322e,1660190734.5256515,1660190738.9224765,worker-7cc765ff99-4kxp9,192.168.90.164,14,Run run_pipeline fail:index 0 is out of bounds for axis 0 with size 0
0,PVO/PVOutput/36855.csv,Power(W),287eb5f6-6582-4194-9610-1dd88f938013,1660190739.0016317,1660190746.1154327,worker-7cc765ff99-lxkkg,192.168.2.45,14,Run run_pipeline fail:index 0 is out of bounds for axis 0 with size 0
0,PVO/PVOutput/18144.csv,Power(W),0d363e66-53e3-4b4a-819c-4d26b1891f08,1660190748.0546083,1660190750.251532,worker-7cc765ff99-mqjzg,192.168.83.0,15,Run run_pipeline fail:index 0 is out of bounds for axis 0 with size 0
0,PVO/PVOutput/29518.csv,Power(W),e078486f-613b-4e21-92d7-46a142d63417,1660190756.9848485,1660190762.7052794,worker-7cc765ff99-rzscd,192.168.55.101,15,Run run_pipeline fail:index 0 is out of bounds for axis 0 with size 0
0,PVO/PVOutput/28879.csv,Power(W),c4149758-91b5-496a-94d9-70756678d179,1660190792.2562761,1660190799.0287278,worker-7cc765ff99-rzscd,192.168.55.101,15,Run run_pipeline fail:index 0 is out of bounds for axis 0 with size 0
0,PVO/PVOutput/24011.csv,Power(W),be6e72c4-2e80-464f-8a06-b8ec48252f4b,1660190799.1587212,1660190805.1131802,worker-7cc765ff99-rzscd,192.168.55.101,15,Run run_pipeline fail:index 0 is out of bounds for axis 0 with size 0
0,PVO/PVOutput/40894.csv,Power(W),bd1c4f60-dabc-4f0e-ae6c-70af67a41f12,1660190803.7134748,1660190808.1728137,worker-7cc765ff99-lxkkg,192.168.2.45,15,Run run_pipeline fail:index 0 is out of bounds for axis 0 with size 0
0,PVO/PVOutput/35476.csv,Power(W),4070e637-8dc4-435e-aaf5-9bd547ec7b55,1660190804.0733538,1660190811.3512595,worker-7cc765ff99-m5lzv,192.168.3.4,14,Run run_pipeline fail:index 0 is out of bounds for axis 0 with size 0
0,PVO/PVOutput/16888.csv,Power(W),66a16fcb-7771-4af5-a8c8-1135338d2073,1660190809.3532624,1660190815.5787904,worker-7cc765ff99-qthgp,192.168.45.95,15,Run run_pipeline fail:index 0 is out of bounds for axis 0 with size 0
0,PVO/PVOutput/41303.csv,Power(W),fc06ae3a-a7f5-43ef-bc8b-5649c361438f,1660190810.1430259,1660190815.7366002,worker-7cc765ff99-m5lzv,192.168.3.4,15,Run run_pipeline fail:index 0 is out of bounds for axis 0 with size 0
0,PVO/PVOutput/28874.csv,Power(W),deb0b146-73ba-4269-98cf-62d2e855bf84,1660190879.081136,1660190886.2468243,worker-7cc765ff99-q2vb7,192.168.4.101,14,Run run_pipeline fail:index 0 is out of bounds for axis 0 with size 0
0,PVO/PVOutput/34985.csv,Power(W),acf296a3-881a-4c96-85ef-2fab8180a75d,1660190887.7916903,1660190891.6871865,worker-7cc765ff99-ks6s5,192.168.51.42,14,Run run_pipeline fail:index 0 is out of bounds for axis 0 with size 0
0,PVO/PVOutput/40281.csv,Power(W),d840db71-02fc-47f9-a3e6-809edb53b566,1660190891.8444214,1660190895.7732477,worker-7cc765ff99-ks6s5,192.168.51.42,14,Run run_pipeline fail:index 0 is out of bounds for axis 0 with size 0
0,PVO/PVOutput/33260.csv,Power(W),2b51894f-69c5-489f-9f29-0d5e41570564,1660190909.422687,1660190913.9632015,worker-7cc765ff99-m5lzv,192.168.3.4,15,Run run_pipeline fail:index 0 is out of bounds for axis 0 with size 0
0,PVO/PVOutput/46236.csv,Power(W),5dc0a2c5-70e7-4ecb-8ee1-332e43828927,1660190918.0691135,1660190924.3621635,worker-7cc765ff99-qthgp,192.168.45.95,14,Run run_pipeline fail:index 0 is out of bounds for axis 0 with size 0
0,PVO/PVOutput/26410.csv,Power(W),3a551393-862d-46a6-83c7-c79fabd7fe12,1660190967.5216603,1660190972.1303778,worker-7cc765ff99-rzscd,192.168.55.101,15,Run run_pipeline fail:index 0 is out of bounds for axis 0 with size 0
0,PVO/PVOutput/13552.csv,Power(W),67c8505c-b995-4ee1-b67d-d4ad03256823,1660190972.2435014,1660190977.317936,worker-7cc765ff99-rzscd,192.168.55.101,15,Run run_pipeline fail:index 0 is out of bounds for axis 0 with size 0
0,PVO/PVOutput/34980.csv,Power(W),2d70494f-068f-42fb-bb17-776374703df9,1660190977.4182959,1660190981.6021059,worker-7cc765ff99-rzscd,192.168.55.101,15,Run run_pipeline fail:index 0 is out of bounds for axis 0 with size 0
0,PVO/PVOutput/44936.csv,Power(W),7c012e4c-148b-4418-9c93-b192e89cd84a,1660190958.2108998,1660190999.2498822,worker-7cc765ff99-ks6s5,192.168.51.42,15,"Run run_pipeline fail:Invalid dimensions (0,)."
0,PVO/PVOutput/45505.csv,Power(W),9e2d7f8d-e358-461b-890e-7301b2c9340a,1660190998.928256,1660191002.9283662,worker-7cc765ff99-rzscd,192.168.55.101,14,Run run_pipeline fail:index 0 is out of bounds for axis 0 with size 0
0,PVO/PVOutput/40889.csv,Power(W),08c292b0-16ce-4e31-ace1-fcdd64c9418b,1660191000.2748194,1660191003.4151123,worker-7cc765ff99-m5lzv,192.168.3.4,15,Run run_pipeline fail:index 0 is out of bounds for axis 0 with size 0
0,PVO/PVOutput/39402.csv,Power(W),999985df-10f5-4baa-9b5e-bf110c125d6f,1660190999.3051198,1660191004.6723452,worker-7cc765ff99-ks6s5,192.168.51.42,15,Run run_pipeline fail:index 0 is out of bounds for axis 0 with size 0
0,PVO/PVOutput/27356.csv,Power(W),7d22128c-1a88-4796-9ffe-a76f0fe66460,1660191003.5223389,1660191006.3497353,worker-7cc765ff99-m5lzv,192.168.3.4,15,Run run_pipeline fail:index 0 is out of bounds for axis 0 with size 0
0,PVO/PVOutput/46696.csv,Power(W),fc86b7a5-eb91-4c9f-8bb3-25297a81c21b,1660191006.2197897,1660191009.3033783,worker-7cc765ff99-m5lzv,192.168.3.4,14,Run run_pipeline fail:index 0 is out of bounds for axis 0 with size 0
0,PVO/PVOutput/13964.csv,Power(W),a39c762c-f2a2-4258-a69a-5f089e949107,1660191009.6826887,1660191011.6227243,worker-7cc765ff99-mqjzg,192.168.83.0,14,Run run_pipeline fail:index 0 is out of bounds for axis 0 with size 0
0,PVO/PVOutput/43631.csv,Power(W),dfa43682-eada-4025-a584-6ef0ceaa3c8c,1660191052.2917418,1660191053.8222241,worker-7cc765ff99-4kxp9,192.168.90.164,15,Run run_pipeline fail:index 0 is out of bounds for axis 0 with size 0
0,PVO/PVOutput/46407.csv,Power(W),5c1a538f-c5a2-4588-a476-6a25981bce65,1660191063.8491268,1660191066.4853294,worker-7cc765ff99-q2vb7,192.168.4.101,15,Run run_pipeline fail:index 0 is out of bounds for axis 0 with size 0
0,PVO/PVOutput/23193.csv,Power(W),6a60f714-328b-4f22-b47e-78388ab0baf3,1660191106.244104,1660191107.7187467,worker-7cc765ff99-4kxp9,192.168.90.164,15,Run run_pipeline fail:index 0 is out of bounds for axis 0 with size 0
0,PVO/PVOutput/9928.csv,Power(W),013dd7cb-b326-44d1-9b4f-70c01699a209,1660191123.3432422,1660191127.478289,worker-7cc765ff99-ks6s5,192.168.51.42,15,Run run_pipeline fail:index 0 is out of bounds for axis 0 with size 0
0,PVO/PVOutput/46851.csv,Power(W),8aee8227-2f43-4fea-a5a7-7fc8cf770b84,1660191137.475155,1660191138.929564,worker-7cc765ff99-mqjzg,192.168.83.0,14,Run run_pipeline fail:index 0 is out of bounds for axis 0 with size 0
0,PVO/PVOutput/45322.csv,Power(W),7b5f4dc3-7715-441c-9eaf-718fb9dde3b8,1660191136.2214448,1660191140.2343276,worker-7cc765ff99-lxkkg,192.168.2.45,14,Run run_pipeline fail:index 0 is out of bounds for axis 0 with size 0
0,PVO/PVOutput/44823.csv,Power(W),99b556a8-58d0-44ec-b274-8d535d1a43f3,1660191140.3011022,1660191143.70677,worker-7cc765ff99-lxkkg,192.168.2.45,14,Run run_pipeline fail:index 0 is out of bounds for axis 0 with size 0
0,PVO/PVOutput/40335.csv,Power(W),5c12e890-b698-4a2e-abef-c83755d87ff1,1660191144.8315408,1660191149.2219143,worker-7cc765ff99-rzscd,192.168.55.101,15,Run run_pipeline fail:index 0 is out of bounds for axis 0 with size 0
0,PVO/PVOutput/41315.csv,Power(W),54ff60ed-de4c-4d99-a4ef-d09cf60886f5,1660191149.3276832,1660191153.1107965,worker-7cc765ff99-rzscd,192.168.55.101,15,Run run_pipeline fail:index 0 is out of bounds for axis 0 with size 0
0,PVO/sys_meta.csv,Inverter Power(W),ac5052fd-2b4e-4451-ba3e-2d357f4c267b,1660191178.3927774,1660191178.8550591,worker-7cc765ff99-lxkkg,192.168.2.45,15,"Read csv fialed:Usecols do not match columns, columns expected but not found: [ Time ]"
0,PVO/sys_meta.csv,Panel Power(W),462614f4-24cf-4efb-b78c-b2519c0b45e7,1660191324.2315505,1660191324.6939669,worker-7cc765ff99-qthgp,192.168.45.95,14,"Read csv fialed:Usecols do not match columns, columns expected but not found: [ Time ]"
